VERTICES
-1.0 -1.0 -1.0  1.0
-1.0  1.0 -1.0  1.0
-1.0  1.0  1.0  1.0
-1.0 -1.0  1.0  1.0
 1.0 -1.0 -1.0  1.0
 1.0  1.0 -1.0  1.0
 1.0  1.0  1.0  1.0
 1.0 -1.0  1.0  1.0

FACES
1 3 2 -1.0  0.0  0.0  1.0
1 4 3 -1.0  0.0  0.0  1.0
1 2 6  0.0  0.0 -1.0  1.0
1 6 5  0.0  0.0 -1.0  1.0
2 3 6  0.0  1.0  0.0  1.0
6 3 7  0.0  1.0  0.0  1.0
8 7 3  0.0  0.0  1.0  1.0
8 3 4  0.0  0.0  1.0  1.0
8 6 7  1.0  0.0  0.0  1.0
8 5 6  1.0  0.0  0.0  1.0
1 8 4  0.0 -1.0  0.0  1.0
1 5 8  0.0 -1.0  0.0  1.0

CAMERAS
5.0  5.0 -5.0  1.0  45.0 -35.3  30.0  2.0  UP
0.0  0.0 -7.0  1.0   0.0   0.0   0.0  2.0  DOWN

